{
 "cells": [
  {
   "cell_type": "code",
   "execution_count": 1,
   "id": "b9241bf9",
   "metadata": {},
   "outputs": [
    {
     "data": {
      "text/plain": [
       "'\\nCreated on: May 31, 2023\\nLatest update: May 31, 2023\\nAuthor: @zoeheez\\n\\n\\n\\nDescription: \\n\\n\\n'"
      ]
     },
     "execution_count": 1,
     "metadata": {},
     "output_type": "execute_result"
    }
   ],
   "source": [
    "import time\n",
    "import numpy as np\n",
    "import os\n",
    "import os.path as op\n",
    "import pandas as pd\n",
    "import scipy.optimize as so\n",
    "import pickle\n",
    "import scipy as sp\n",
    "import seaborn as sns\n",
    "import glob\n",
    "\n",
    "\n",
    "from idealObserver2 import io_with_derivations\n",
    "\n",
    "import matplotlib.pyplot as plt\n",
    "\n",
    "#from idealObserver2 import io_with_derivations\n",
    "\n",
    "\"\"\"\n",
    "Created on: May 31, 2023\n",
    "Latest update: May 31, 2023\n",
    "Author: @zoeheez\n",
    "\n",
    "\n",
    "\n",
    "Description: \n",
    "\n",
    "\n",
    "\"\"\""
   ]
  },
  {
   "cell_type": "code",
   "execution_count": 51,
   "id": "c1d99e72",
   "metadata": {},
   "outputs": [
    {
     "name": "stdout",
     "output_type": "stream",
     "text": [
      "behavioral data \n",
      "     data type: <class 'dict'> \n",
      "     number of subjects: 60 \n",
      "     info included for each session: dict_keys(['choices', 'sequence', 'mean', 'missedresponse', 'kept', 'changepoints'])\n"
     ]
    }
   ],
   "source": [
    "# import the preprocessed behavioral data\n",
    "proj_dir = os.path.normpath(os.getcwd())\n",
    "\n",
    "f1 = open(proj_dir+\"/behavioral_data_preprocessed.pkl\",\"rb\")\n",
    "behavioral_data_holder = pickle.load(f1)\n",
    "\n",
    "\n",
    "behavioral_keys = behavioral_data_holder['sub1']['sess1'].keys()\n",
    "print(f'behavioral data \\n \\\n",
    "    data type: {type(behavioral_data_holder)} \\n \\\n",
    "    number of subjects: {len(behavioral_data_holder)} \\n \\\n",
    "    info included for each session: {behavioral_keys}')"
   ]
  },
  {
   "cell_type": "code",
   "execution_count": 89,
   "id": "0373b934",
   "metadata": {},
   "outputs": [],
   "source": []
  },
  {
   "cell_type": "code",
   "execution_count": 86,
   "id": "787410f6",
   "metadata": {},
   "outputs": [
    {
     "data": {
      "text/plain": [
       "dict_keys(['posterior', 'predictive', 'prior', 'predictive_prior', 'volatility', 'reward_levels', 'options', 'outcome_SD', 'choices', 'prior_reward_probability', 'expected_reward', 'expected_uncertainty', 'unexpected_uncertainty', 'prediction_error', 'feedback_surprise', 'signed_feedback_surprise'])"
      ]
     },
     "execution_count": 86,
     "metadata": {},
     "output_type": "execute_result"
    }
   ],
   "source": [
    "io.keys()"
   ]
  },
  {
   "cell_type": "code",
   "execution_count": 82,
   "id": "500d2988",
   "metadata": {},
   "outputs": [
    {
     "data": {
      "text/plain": [
       "{'A': array([[3.33333333e-01, 3.33333333e-01, 3.33333333e-01],\n",
       "        [3.02064114e-01, 4.50626706e-01, 2.47309180e-01],\n",
       "        [7.31192965e-02, 4.77823479e-01, 4.49057225e-01],\n",
       "        [8.93826738e-02, 4.68792845e-01, 4.41824482e-01],\n",
       "        [1.04629590e-01, 4.60326625e-01, 4.35043785e-01],\n",
       "        [1.18923574e-01, 4.52389544e-01, 4.28686882e-01],\n",
       "        [1.32324184e-01, 4.44948531e-01, 4.22727285e-01],\n",
       "        [1.44887256e-01, 4.37972581e-01, 4.17140163e-01],\n",
       "        [1.56665136e-01, 4.31432628e-01, 4.11902236e-01],\n",
       "        [1.67706898e-01, 4.25301422e-01, 4.06991680e-01],\n",
       "        [1.78058550e-01, 4.19553417e-01, 4.02388033e-01],\n",
       "        [5.90989278e-02, 4.32808206e-01, 5.08092867e-01],\n",
       "        [2.73367339e-02, 4.37112029e-01, 5.35551237e-01],\n",
       "        [5.22337587e-03, 2.78594990e-01, 7.16181634e-01],\n",
       "        [2.53911190e-01, 6.20969261e-01, 1.25119549e-01],\n",
       "        [4.66402100e-01, 5.13169647e-01, 2.04282526e-02],\n",
       "        [4.58085302e-01, 5.01929877e-01, 3.99848201e-02],\n",
       "        [4.50288304e-01, 4.91392593e-01, 5.83191022e-02],\n",
       "        [9.56994711e-02, 6.61576978e-01, 2.42723551e-01],\n",
       "        [1.07345847e-01, 7.60289555e-01, 1.32364598e-01],\n",
       "        [3.64609437e-02, 7.68579689e-01, 1.94959367e-01],\n",
       "        [1.20202745e-02, 6.90550683e-01, 2.97429042e-01],\n",
       "        [2.37576454e-02, 7.75571199e-01, 2.00671156e-01],\n",
       "        [4.31061259e-02, 7.47931332e-01, 2.08962542e-01],\n",
       "        [6.12453264e-02, 7.22018957e-01, 2.16735716e-01],\n",
       "        [7.82508268e-02, 6.97726106e-01, 2.24023067e-01],\n",
       "        [4.40521528e-02, 7.38531786e-01, 2.17416061e-01],\n",
       "        [6.21322266e-02, 7.13206883e-01, 2.24660891e-01],\n",
       "        [7.90822957e-02, 6.89464786e-01, 2.31452918e-01],\n",
       "        [9.49729856e-02, 6.67206570e-01, 2.37820444e-01],\n",
       "        [1.09870507e-01, 6.46339493e-01, 2.43790000e-01],\n",
       "        [8.80396999e-02, 7.34663364e-01, 1.77296936e-01],\n",
       "        [1.03370552e-01, 7.09580237e-01, 1.87049211e-01],\n",
       "        [1.17743226e-01, 6.86064806e-01, 1.96191968e-01],\n",
       "        [1.31217608e-01, 6.64019089e-01, 2.04763304e-01],\n",
       "        [1.43849840e-01, 6.43351229e-01, 2.12798931e-01],\n",
       "        [5.63746743e-02, 6.78746162e-01, 2.64879164e-01],\n",
       "        [7.36845905e-02, 6.57157860e-01, 2.69157550e-01],\n",
       "        [1.14291104e-01, 7.70124705e-01, 1.15584191e-01],\n",
       "        [1.45997219e-02, 6.58246562e-01, 3.27153716e-01],\n",
       "        [2.29797245e-02, 7.36051626e-01, 2.40968649e-01],\n",
       "        [4.23768251e-02, 7.10881733e-01, 2.46741442e-01],\n",
       "        [4.05595869e-03, 4.36712434e-01, 5.59231608e-01],\n",
       "        [1.42884802e-01, 7.51602498e-01, 1.05512700e-01],\n",
       "        [4.10263432e-01, 5.79143892e-01, 1.05926755e-02],\n",
       "        [4.05455301e-01, 5.63780732e-01, 3.07639666e-02],\n",
       "        [4.00947678e-01, 5.49377770e-01, 4.96745520e-02],\n",
       "        [4.65591877e-01, 5.14901246e-01, 1.95068775e-02],\n",
       "        [3.93136335e-01, 5.84320751e-01, 2.25429142e-02],\n",
       "        [3.89398648e-01, 5.68634037e-01, 4.19673154e-02],\n",
       "        [3.85894565e-01, 5.53927743e-01, 6.01776916e-02],\n",
       "        [3.66326477e-01, 6.31652597e-01, 2.02092628e-03],\n",
       "        [3.64264405e-01, 6.13007643e-01, 2.27279517e-02],\n",
       "        [9.83747097e-01, 1.62526912e-02, 2.11735270e-07],\n",
       "        [9.43096237e-01, 3.60702313e-02, 2.08335318e-02],\n",
       "        [9.04986055e-01, 5.46491752e-02, 4.03647694e-02],\n",
       "        [8.69257760e-01, 7.20669351e-02, 5.86753047e-02],\n",
       "        [8.35762484e-01, 8.83960850e-02, 7.58414315e-02],\n",
       "        [8.04360662e-01, 1.03704663e-01, 9.19346753e-02],\n",
       "        [7.74921454e-01, 1.18056455e-01, 1.07022091e-01],\n",
       "        [7.47322196e-01, 1.31511260e-01, 1.21166544e-01],\n",
       "        [8.80712225e-01, 1.17937252e-01, 1.35052288e-03],\n",
       "        [9.63105830e-01, 3.68661660e-02, 2.80043485e-05],\n",
       "        [9.61183791e-01, 3.86375822e-02, 1.78626758e-04],\n",
       "        [9.21943137e-01, 5.70560667e-02, 2.10007959e-02],\n",
       "        [8.85155025e-01, 7.43233958e-02, 4.05215795e-02],\n",
       "        [8.50666169e-01, 9.05115169e-02, 5.88223141e-02],\n",
       "        [8.18332867e-01, 1.05687880e-01, 7.59792528e-02],\n",
       "        [7.88020396e-01, 1.19915721e-01, 9.20638829e-02],\n",
       "        [7.59602454e-01, 1.33254322e-01, 1.07143224e-01],\n",
       "        [7.32960634e-01, 1.45759260e-01, 1.21280105e-01],\n",
       "        [7.07983928e-01, 1.57482640e-01, 1.34533432e-01],\n",
       "        [6.84568266e-01, 1.68473308e-01, 1.46958426e-01],\n",
       "        [9.74891168e-02, 6.45280135e-01, 2.57230748e-01],\n",
       "        [2.15720251e-04, 3.25280127e-01, 6.74504153e-01],\n",
       "        [1.70390639e-02, 8.76140639e-01, 1.06820297e-01],\n",
       "        [3.68074558e-02, 8.42215182e-01, 1.20977362e-01],\n",
       "        [1.34007300e-02, 9.71992163e-01, 1.46071071e-02],\n",
       "        [3.33965177e-02, 9.32075986e-01, 3.45274962e-02],\n",
       "        [5.21425686e-02, 8.94654570e-01, 5.32028611e-02],\n",
       "        [6.97169914e-02, 8.59571993e-01, 7.07110156e-02],\n",
       "        [8.61930128e-02, 8.26682077e-01, 8.71249104e-02],\n",
       "        [1.01639283e-01, 7.95847780e-01, 1.02512937e-01],\n",
       "        [1.31499040e-02, 9.57378022e-01, 2.94720740e-02],\n",
       "        [3.31613683e-02, 9.18375229e-01, 4.84634027e-02],\n",
       "        [1.15796778e-01, 8.83656713e-01, 5.46509068e-04],\n",
       "        [1.29392813e-01, 8.49261501e-01, 2.13456856e-02],\n",
       "        [1.42139096e-01, 8.17015991e-01, 4.08449136e-02],\n",
       "        [4.11032263e-03, 9.38167921e-01, 5.77217567e-02],\n",
       "        [1.75876211e-05, 4.71525890e-01, 5.28456522e-01],\n",
       "        [1.10283036e-07, 1.08882163e-02, 9.89111673e-01],\n",
       "        [1.62969565e-05, 6.56645384e-03, 9.93417249e-01],\n",
       "        [2.42174378e-05, 6.94119464e-03, 9.93034588e-01],\n",
       "        [7.32218185e-06, 3.87244530e-03, 9.96120233e-01],\n",
       "        [5.46662690e-09, 9.47474797e-05, 9.99905247e-01],\n",
       "        [4.43185554e-07, 7.28135813e-04, 9.99271421e-01]]),\n",
       " 'B': array([[3.33333333e-01, 3.33333333e-01, 3.33333333e-01],\n",
       "        [3.33333333e-01, 3.33333333e-01, 3.33333333e-01],\n",
       "        [3.33333333e-01, 3.33333333e-01, 3.33333333e-01],\n",
       "        [2.74068619e-01, 4.51862762e-01, 2.74068619e-01],\n",
       "        [5.50808354e-03, 1.77019837e-01, 8.17472079e-01],\n",
       "        [1.06318600e-02, 1.97521953e-01, 7.91846187e-01],\n",
       "        [2.20658501e-03, 9.86752443e-02, 8.99118171e-01],\n",
       "        [3.31278963e-03, 7.34768480e-02, 9.23210362e-01],\n",
       "        [9.82730444e-03, 9.52326398e-02, 8.94940056e-01],\n",
       "        [4.33598829e-02, 2.04038020e-01, 7.52602097e-01],\n",
       "        [3.05941513e-01, 4.51139647e-01, 2.42918840e-01],\n",
       "        [3.07653502e-01, 4.43776752e-01, 2.48569746e-01],\n",
       "        [3.09258491e-01, 4.36874038e-01, 2.53867470e-01],\n",
       "        [3.10763169e-01, 4.30402744e-01, 2.58834087e-01],\n",
       "        [3.12173804e-01, 4.24335906e-01, 2.63490290e-01],\n",
       "        [3.13496275e-01, 4.18648245e-01, 2.67855480e-01],\n",
       "        [4.51359605e-01, 4.61620202e-01, 8.70201931e-02],\n",
       "        [5.67505993e-01, 4.08579243e-01, 2.39147639e-02],\n",
       "        [5.52870202e-01, 4.03876374e-01, 4.32534245e-02],\n",
       "        [5.39149147e-01, 3.99467434e-01, 6.13834188e-02],\n",
       "        [5.26285659e-01, 3.95334052e-01, 7.83802884e-02],\n",
       "        [5.14226139e-01, 3.91459008e-01, 9.43148538e-02],\n",
       "        [5.02920338e-01, 3.87826153e-01, 1.09253509e-01],\n",
       "        [2.51037047e-01, 5.60150723e-01, 1.88812231e-01],\n",
       "        [1.25617306e-01, 6.58477285e-01, 2.15905409e-01],\n",
       "        [8.33750864e-02, 7.35347430e-01, 1.81277484e-01],\n",
       "        [9.89974769e-02, 7.10221549e-01, 1.90780975e-01],\n",
       "        [2.60994975e-03, 3.16750040e-01, 6.80640010e-01],\n",
       "        [1.78759348e-02, 4.22941385e-01, 5.59182680e-01],\n",
       "        [4.20891478e-04, 9.38531424e-02, 9.05725966e-01],\n",
       "        [4.48848177e-03, 8.44279417e-02, 9.11083576e-01],\n",
       "        [2.50412850e-02, 9.99845287e-02, 8.74974186e-01],\n",
       "        [2.01585302e-02, 1.28201513e-01, 8.51639957e-01],\n",
       "        [7.74814013e-04, 3.52205473e-02, 9.64004639e-01],\n",
       "        [1.29881514e-02, 6.86802243e-02, 9.18331624e-01],\n",
       "        [2.12525092e-01, 2.72463929e-01, 5.15010979e-01],\n",
       "        [2.20075607e-01, 2.76268266e-01, 5.03656126e-01],\n",
       "        [2.99698031e-01, 4.08032082e-01, 2.92269887e-01],\n",
       "        [3.01800238e-01, 4.03363410e-01, 2.94836352e-01],\n",
       "        [3.03771056e-01, 3.98986531e-01, 2.97242413e-01],\n",
       "        [3.05618698e-01, 3.94883206e-01, 2.99498096e-01],\n",
       "        [6.34137446e-01, 3.28020545e-01, 3.78420085e-02],\n",
       "        [6.15337189e-01, 3.28352595e-01, 5.63102163e-02],\n",
       "        [5.97711948e-01, 3.28663891e-01, 7.36241611e-02],\n",
       "        [5.81188285e-01, 3.28955731e-01, 8.98559844e-02],\n",
       "        [7.25620325e-01, 2.56139509e-01, 1.82401657e-02],\n",
       "        [7.94628372e-01, 1.98264808e-01, 7.10682039e-03],\n",
       "        [7.65797432e-01, 2.06706591e-01, 2.74959774e-02],\n",
       "        [7.38768426e-01, 2.14620762e-01, 4.66108122e-02],\n",
       "        [8.77055229e-01, 1.22651415e-01, 2.93356313e-04],\n",
       "        [7.72161451e-01, 2.26662912e-01, 1.17563626e-03],\n",
       "        [7.44734694e-01, 2.33329814e-01, 2.19354923e-02],\n",
       "        [8.90693156e-01, 1.09179729e-01, 1.27115012e-04],\n",
       "        [8.55858167e-01, 1.23189329e-01, 2.09525037e-02],\n",
       "        [7.66438659e-01, 2.31269691e-01, 2.29164934e-03],\n",
       "        [4.93923667e-02, 8.66785373e-01, 8.38222608e-02],\n",
       "        [6.64717692e-04, 8.20910523e-01, 1.78424759e-01],\n",
       "        [1.24114026e-03, 9.18359104e-01, 8.03997556e-02],\n",
       "        [8.27882519e-07, 1.20834115e-01, 8.79165057e-01],\n",
       "        [8.09661672e-06, 2.10268351e-02, 9.78965068e-01],\n",
       "        [5.41742100e-05, 1.56421322e-02, 9.84303694e-01],\n",
       "        [2.08841217e-02, 3.54978322e-02, 9.43618046e-01],\n",
       "        [4.04121974e-02, 5.41125511e-02, 9.05475252e-01],\n",
       "        [5.87197684e-02, 7.15638499e-02, 8.69716382e-01],\n",
       "        [6.97176382e-04, 6.57965093e-02, 9.33506314e-01],\n",
       "        [2.40656611e-06, 6.79380794e-03, 9.93203785e-01],\n",
       "        [1.62465278e-05, 5.73605274e-03, 9.94247701e-01],\n",
       "        [1.34356219e-07, 5.03522777e-04, 9.99496343e-01],\n",
       "        [1.08448167e-05, 3.66317975e-03, 9.96325975e-01],\n",
       "        [8.15473044e-09, 1.14771293e-04, 9.99885221e-01],\n",
       "        [4.43193995e-07, 7.28802923e-04, 9.99270754e-01],\n",
       "        [1.21245713e-08, 1.23931460e-04, 9.99876056e-01],\n",
       "        [4.87717678e-06, 2.41662544e-03, 9.97578497e-01],\n",
       "        [2.08379057e-02, 2.30989197e-02, 9.56063175e-01],\n",
       "        [4.03688699e-02, 4.24885705e-02, 9.17142560e-01],\n",
       "        [5.86791489e-02, 6.06663682e-02, 8.80654483e-01],\n",
       "        [9.01769846e-02, 4.57620796e-01, 4.52202219e-01],\n",
       "        [1.05374256e-01, 4.49852830e-01, 4.44772914e-01],\n",
       "        [2.25660440e-07, 6.76516088e-03, 9.93234613e-01],\n",
       "        [2.71408502e-08, 2.34872409e-04, 9.99765100e-01],\n",
       "        [1.47073663e-06, 1.33445195e-03, 9.98664077e-01],\n",
       "        [1.61768145e-05, 4.63702941e-03, 9.95346794e-01],\n",
       "        [6.94537602e-01, 2.52657837e-01, 5.28045608e-02],\n",
       "        [6.71962335e-01, 2.57700056e-01, 7.03376091e-02],\n",
       "        [9.09433173e-01, 9.04317702e-02, 1.35056634e-04],\n",
       "        [8.73426933e-01, 1.05613118e-01, 2.09599489e-02],\n",
       "        [9.76927783e-01, 2.30486453e-02, 2.35717025e-05],\n",
       "        [6.93417404e-01, 2.83550697e-01, 2.30318989e-02],\n",
       "        [6.70912149e-01, 2.86662112e-01, 4.24257385e-02],\n",
       "        [6.49813473e-01, 2.89579063e-01, 6.06074632e-02],\n",
       "        [6.30033465e-01, 2.92313705e-01, 7.76528301e-02],\n",
       "        [6.11489706e-01, 2.94877432e-01, 9.36328615e-02],\n",
       "        [5.94104933e-01, 2.97280926e-01, 1.08614141e-01],\n",
       "        [5.77806708e-01, 2.99534201e-01, 1.22659091e-01],\n",
       "        [5.62527122e-01, 3.01646647e-01, 1.35826231e-01],\n",
       "        [5.48202510e-01, 3.03627065e-01, 1.48170425e-01]])}"
      ]
     },
     "execution_count": 82,
     "metadata": {},
     "output_type": "execute_result"
    }
   ],
   "source": [
    "io['prior']"
   ]
  },
  {
   "cell_type": "code",
   "execution_count": 87,
   "id": "d85af484",
   "metadata": {},
   "outputs": [
    {
     "data": {
      "text/plain": [
       "{'A': array([ -2.        ,  21.09509869,          nan,          nan,\n",
       "                 nan,          nan,          nan,          nan,\n",
       "                 nan,          nan,   9.51341034,   2.02012122,\n",
       "         14.83570993, -54.21916516, -22.42416717,          nan,\n",
       "                 nan,  34.83938404,  -8.9404816 ,  14.49962497,\n",
       "         15.83003153,  -6.70817535,          nan,          nan,\n",
       "                 nan,   4.08455519,          nan,          nan,\n",
       "                 nan,          nan,  -2.67838985,          nan,\n",
       "                 nan,          nan,          nan,  10.6210182 ,\n",
       "                 nan, -14.90945918,  30.97413826,  -5.25107988,\n",
       "                 nan,  30.91270766, -45.10351298, -33.25255796,\n",
       "                 nan,          nan,  -6.97453748,   4.92169998,\n",
       "                 nan,          nan,  -2.48566252,          nan,\n",
       "        -26.16927093,          nan,          nan,          nan,\n",
       "                 nan,          nan,          nan,          nan,\n",
       "          0.52311304,   0.58723405,   7.26155651,          nan,\n",
       "                 nan,          nan,          nan,          nan,\n",
       "                 nan,          nan,          nan,          nan,\n",
       "         16.7521968 ,  14.80516737, -17.48576865,          nan,\n",
       "         -3.68339813,          nan,          nan,          nan,\n",
       "                 nan,          nan,   1.98252692,          nan,\n",
       "        -14.30604069,          nan,          nan,  11.02588364,\n",
       "         21.92777132,  21.43122131,  -1.78223126,  -2.86801904,\n",
       "          0.13979259,  18.07774179,   7.00189517, -14.98541956]),\n",
       " 'B': array([         nan,          nan,   0.        ,  50.        ,\n",
       "         -7.23927991,  12.37571345,   2.06176829,  -9.39795145,\n",
       "        -22.70225503, -41.18484428,          nan,          nan,\n",
       "                 nan,          nan,          nan, -14.08718411,\n",
       "         -9.71321176,          nan,          nan,          nan,\n",
       "                 nan,          nan,  18.87333659,   9.24449632,\n",
       "          1.19423795,          nan,  48.16433004, -12.5606012 ,\n",
       "         39.17386509,  -2.10610149,          nan,  -8.99865803,\n",
       "         24.37037146, -14.26459649, -42.10686946,          nan,\n",
       "        -13.67161038,          nan,          nan,          nan,\n",
       "        -27.87758795,          nan,          nan,          nan,\n",
       "        -10.17335399,  -3.85239682,          nan,          nan,\n",
       "         -0.15684773,  10.53523745,          nan,  -0.54401597,\n",
       "                 nan,   9.69811327,  25.2829402 ,  12.31140212,\n",
       "          1.44479916,  29.41682769,   2.41671542,  -4.57913943,\n",
       "                 nan,          nan,          nan,  -4.21993227,\n",
       "          4.34381724,  -1.86402758,  10.11537092,  -0.98992417,\n",
       "         17.07369739,   7.00229575,  16.01459379,   1.00247911,\n",
       "                 nan,          nan,          nan, -18.43950668,\n",
       "                 nan,  28.21202685,  14.13531224,   4.00469853,\n",
       "         -1.97325213, -35.90661234,          nan,  -4.96750548,\n",
       "                 nan,  -1.95066032,  20.53808423,          nan,\n",
       "                 nan,          nan,          nan,          nan,\n",
       "                 nan,          nan,          nan,          nan])}"
      ]
     },
     "execution_count": 87,
     "metadata": {},
     "output_type": "execute_result"
    }
   ],
   "source": [
    "io['prediction_error']"
   ]
  },
  {
   "cell_type": "code",
   "execution_count": 88,
   "id": "36ca9a88",
   "metadata": {},
   "outputs": [
    {
     "data": {
      "text/plain": [
       "{'A': array([4.17677999, 4.45096267,        nan,        nan,        nan,\n",
       "               nan,        nan,        nan,        nan,        nan,\n",
       "        4.15216898, 4.0353069 , 4.18980467, 6.90870242, 4.48875247,\n",
       "               nan,        nan, 5.15513127, 4.09814158, 4.21154236,\n",
       "        4.25789621, 4.03155589,        nan,        nan,        nan,\n",
       "        4.02883567,        nan,        nan,        nan,        nan,\n",
       "        4.03784226,        nan,        nan,        nan,        nan,\n",
       "        4.14157238,        nan, 4.2291836 , 4.97747931, 4.0230267 ,\n",
       "               nan, 4.94842079, 6.00805702, 5.10982969,        nan,\n",
       "               nan, 4.06524597, 4.03699947,        nan,        nan,\n",
       "        3.76381022,        nan, 5.0580669 ,        nan,        nan,\n",
       "               nan,        nan,        nan,        nan,        nan,\n",
       "        3.71866692, 3.3595245 , 3.55223601,        nan,        nan,\n",
       "               nan,        nan,        nan,        nan,        nan,\n",
       "               nan,        nan, 4.73891298, 4.18859075, 4.3055292 ,\n",
       "               nan, 3.39159553,        nan,        nan,        nan,\n",
       "               nan,        nan, 3.43292147,        nan, 4.20885642,\n",
       "               nan,        nan, 3.78472202, 5.32640458, 4.56729555,\n",
       "        3.24911414, 3.27036128, 3.22642892, 4.84425656, 3.4654752 ,\n",
       "        4.34413588]),\n",
       " 'B': array([       nan,        nan, 4.17478294, 6.07059965, 4.00380101,\n",
       "        4.06952303, 3.89351405, 4.0021397 , 4.53246896, 5.64206001,\n",
       "               nan,        nan,        nan,        nan,        nan,\n",
       "        4.25899679, 4.11000614,        nan,        nan,        nan,\n",
       "               nan,        nan, 4.41590519, 4.14609106, 4.03146753,\n",
       "               nan, 6.23752093, 4.15676752, 5.46214915, 3.89736405,\n",
       "               nan, 4.03766619, 4.53029624, 4.1226054 , 5.91881667,\n",
       "               nan, 4.33339588,        nan,        nan,        nan,\n",
       "        4.66654243,        nan,        nan,        nan, 4.08883589,\n",
       "        3.96303268,        nan,        nan, 3.57999577, 3.96944332,\n",
       "               nan, 3.53067861,        nan, 3.98682923, 5.11736681,\n",
       "        4.04653328, 3.46681977, 6.18819225, 3.33075716, 3.35878133,\n",
       "               nan,        nan,        nan, 3.62581525, 3.32897563,\n",
       "        3.24582451, 3.72604697, 3.22580421, 4.66904781, 3.46549456,\n",
       "        4.5011091 , 3.22549384,        nan,        nan,        nan,\n",
       "        5.12201858,        nan, 5.14879076, 4.20711599, 3.30060426,\n",
       "        3.24145098, 9.0880699 ,        nan, 3.57216065,        nan,\n",
       "        3.34049935, 5.25549397,        nan,        nan,        nan,\n",
       "               nan,        nan,        nan,        nan,        nan,\n",
       "               nan])}"
      ]
     },
     "execution_count": 88,
     "metadata": {},
     "output_type": "execute_result"
    }
   ],
   "source": [
    "io['feedback_surprise']"
   ]
  },
  {
   "cell_type": "code",
   "execution_count": 84,
   "id": "10f88659",
   "metadata": {},
   "outputs": [
    {
     "data": {
      "text/plain": [
       "{'A': array([50.        , 48.90490131, 57.51875857, 57.04883616, 56.6082839 ,\n",
       "        56.19526615, 55.80806202, 55.44505814, 55.10474201, 54.78569563,\n",
       "        54.48658966, 58.97987878, 60.16429007, 64.21916516, 47.42416717,\n",
       "        41.08052304, 41.63799035, 42.16061596, 52.9404816 , 50.50037503,\n",
       "        53.16996847, 55.70817535, 53.53827021, 53.31712832, 53.1098078 ,\n",
       "        52.91544481, 53.46727817, 53.25057329, 53.04741245, 52.85694918,\n",
       "        52.67838985, 51.78514472, 51.67357318, 51.56897485, 51.47091392,\n",
       "        51.3789818 , 54.17008979, 53.90945918, 50.02586174, 56.25107988,\n",
       "        54.3597785 , 54.08729234, 61.10351298, 49.25255796, 42.00658486,\n",
       "        42.50617331, 42.97453748, 41.07830002, 42.58813158, 43.05137336,\n",
       "        43.48566252, 42.71388899, 43.16927093, 30.32506229, 31.5547459 ,\n",
       "        32.70757428, 33.78835089, 34.80157896, 35.75148027, 36.64201276,\n",
       "        37.47688696, 32.41276595, 30.73844349, 30.77989671, 31.98115317,\n",
       "        33.1073311 , 34.1631229 , 35.15292772, 36.08086974, 36.95081538,\n",
       "        37.76638942, 38.53099008, 39.2478032 , 53.19483263, 63.48576865,\n",
       "        51.79562467, 51.68339813, 50.02412754, 50.02261957, 50.02120585,\n",
       "        50.01988048, 50.01863795, 50.01747308, 50.3264434 , 50.30604069,\n",
       "        47.69499462, 47.83905745, 47.97411636, 51.07222868, 60.56877869,\n",
       "        69.78223126, 69.86801904, 69.86020741, 69.92225821, 69.99810483,\n",
       "        69.98541956]),\n",
       " 'B': array([50.        , 50.        , 50.        , 50.        , 66.23927991,\n",
       "        65.62428655, 67.93823171, 68.39795145, 67.70225503, 64.18484428,\n",
       "        48.73954655, 48.81832489, 48.89217958, 48.96141836, 49.02632971,\n",
       "        49.08718411, 42.71321176, 39.12817542, 39.80766445, 40.44468543,\n",
       "        41.04189259, 41.6017743 , 42.12666341, 48.75550368, 51.80576205,\n",
       "        51.95804795, 51.83566996, 63.5606012 , 60.82613491, 68.10610149,\n",
       "        68.13190189, 66.99865803, 66.62962854, 69.26459649, 68.10686946,\n",
       "        56.04971774, 55.67161038, 49.85143711, 49.86072229, 49.86942714,\n",
       "        49.87758795, 38.07409125, 38.81946054, 39.51824426, 40.17335399,\n",
       "        35.85239682, 34.24956898, 35.23397091, 36.15684773, 32.46476255,\n",
       "        34.5802837 , 35.54401597, 32.18867917, 33.30188673, 34.7170598 ,\n",
       "        50.68859788, 53.55520084, 51.58317231, 67.58328458, 69.57913943,\n",
       "        69.68499039, 68.45467849, 67.30126108, 66.21993227, 68.65618276,\n",
       "        69.86402758, 69.88462908, 69.98992417, 69.92630261, 69.99770425,\n",
       "        69.98540621, 69.99752089, 69.9514724 , 68.70450538, 67.53547379,\n",
       "        66.43950668, 57.24050469, 56.78797315, 69.86468776, 69.99530147,\n",
       "        69.97325213, 69.90661234, 37.16533918, 37.96750548, 31.81403767,\n",
       "        32.95066032, 30.46191577, 36.5922899 , 37.43027178, 38.2158798 ,\n",
       "        38.95238731, 39.6428631 , 40.29018416, 40.89704765, 41.46598217,\n",
       "        41.99935828])}"
      ]
     },
     "execution_count": 84,
     "metadata": {},
     "output_type": "execute_result"
    }
   ],
   "source": [
    "io['expected_reward']"
   ]
  },
  {
   "cell_type": "code",
   "execution_count": 77,
   "id": "c88ca1ed",
   "metadata": {},
   "outputs": [
    {
     "data": {
      "text/plain": [
       "{'A': array([48.90490131, 57.51875857, 57.04883616, 56.6082839 , 56.19526615,\n",
       "        55.80806202, 55.44505814, 55.10474201, 54.78569563, 54.48658966,\n",
       "        58.97987878, 60.16429007, 64.21916516, 47.42416717, 41.08052304,\n",
       "        41.63799035, 42.16061596, 52.9404816 , 50.50037503, 53.16996847,\n",
       "        55.70817535, 53.53827021, 53.31712832, 53.1098078 , 52.91544481,\n",
       "        53.46727817, 53.25057329, 53.04741245, 52.85694918, 52.67838985,\n",
       "        51.78514472, 51.67357318, 51.56897485, 51.47091392, 51.3789818 ,\n",
       "        54.17008979, 53.90945918, 50.02586174, 56.25107988, 54.3597785 ,\n",
       "        54.08729234, 61.10351298, 49.25255796, 42.00658486, 42.50617331,\n",
       "        42.97453748, 41.07830002, 42.58813158, 43.05137336, 43.48566252,\n",
       "        42.71388899, 43.16927093, 30.32506229, 31.5547459 , 32.70757428,\n",
       "        33.78835089, 34.80157896, 35.75148027, 36.64201276, 37.47688696,\n",
       "        32.41276595, 30.73844349, 30.77989671, 31.98115317, 33.1073311 ,\n",
       "        34.1631229 , 35.15292772, 36.08086974, 36.95081538, 37.76638942,\n",
       "        38.53099008, 39.2478032 , 53.19483263, 63.48576865, 51.79562467,\n",
       "        51.68339813, 50.02412754, 50.02261957, 50.02120585, 50.01988048,\n",
       "        50.01863795, 50.01747308, 50.3264434 , 50.30604069, 47.69499462,\n",
       "        47.83905745, 47.97411636, 51.07222868, 60.56877869, 69.78223126,\n",
       "        69.86801904, 69.86020741, 69.92225821, 69.99810483, 69.98541956,\n",
       "        68.74134879]),\n",
       " 'B': array([50.        , 50.        , 50.        , 66.23927991, 65.62428655,\n",
       "        67.93823171, 68.39795145, 67.70225503, 64.18484428, 48.73954655,\n",
       "        48.81832489, 48.89217958, 48.96141836, 49.02632971, 49.08718411,\n",
       "        42.71321176, 39.12817542, 39.80766445, 40.44468543, 41.04189259,\n",
       "        41.6017743 , 42.12666341, 48.75550368, 51.80576205, 51.95804795,\n",
       "        51.83566996, 63.5606012 , 60.82613491, 68.10610149, 68.13190189,\n",
       "        66.99865803, 66.62962854, 69.26459649, 68.10686946, 56.04971774,\n",
       "        55.67161038, 49.85143711, 49.86072229, 49.86942714, 49.87758795,\n",
       "        38.07409125, 38.81946054, 39.51824426, 40.17335399, 35.85239682,\n",
       "        34.24956898, 35.23397091, 36.15684773, 32.46476255, 34.5802837 ,\n",
       "        35.54401597, 32.18867917, 33.30188673, 34.7170598 , 50.68859788,\n",
       "        53.55520084, 51.58317231, 67.58328458, 69.57913943, 69.68499039,\n",
       "        68.45467849, 67.30126108, 66.21993227, 68.65618276, 69.86402758,\n",
       "        69.88462908, 69.98992417, 69.92630261, 69.99770425, 69.98540621,\n",
       "        69.99752089, 69.9514724 , 68.70450538, 67.53547379, 66.43950668,\n",
       "        57.24050469, 56.78797315, 69.86468776, 69.99530147, 69.97325213,\n",
       "        69.90661234, 37.16533918, 37.96750548, 31.81403767, 32.95066032,\n",
       "        30.46191577, 36.5922899 , 37.43027178, 38.2158798 , 38.95238731,\n",
       "        39.6428631 , 40.29018416, 40.89704765, 41.46598217, 41.99935828,\n",
       "        42.49939839])}"
      ]
     },
     "execution_count": 77,
     "metadata": {},
     "output_type": "execute_result"
    }
   ],
   "source": [
    "io['expected_reward']"
   ]
  },
  {
   "cell_type": "code",
   "execution_count": 6,
   "id": "01709ef3",
   "metadata": {},
   "outputs": [
    {
     "data": {
      "text/plain": [
       "array([0., 0., 1., 1., 1., 1., 1., 1., 1., 1., 0., 0., 0., 0., 0., 1., 1.,\n",
       "       0., 0., 0., 0., 0., 1., 1., 1., 0., 1., 1., 1., 1., 0., 1., 1., 1.,\n",
       "       1., 0., 1., 0., 0., 0., 1., 0., 0., 0., 1., 1., 0., 0., 1., 1., 0.,\n",
       "       1., 0., 1., 1., 1., 1., 1., 1., 1., 0., 0., 0., 1., 1., 1., 1., 1.,\n",
       "       1., 1., 1., 1., 0., 0., 0., 1., 0., 1., 1., 1., 1., 1., 0., 1., 0.,\n",
       "       1., 1., 0., 0., 0., 0., 0., 0., 0., 0., 0.])"
      ]
     },
     "execution_count": 6,
     "metadata": {},
     "output_type": "execute_result"
    }
   ],
   "source": [
    "example_data = behavioral_data_holder['sub1']['sess1']\n",
    "example_data['choices']"
   ]
  },
  {
   "cell_type": "code",
   "execution_count": 8,
   "id": "98fd88d3",
   "metadata": {},
   "outputs": [
    {
     "data": {
      "text/plain": [
       "{'options': {'A': array([48., 70., nan, nan, nan, nan, nan, nan, nan, nan, 64., 61., 75.,\n",
       "         10., 25., nan, nan, 77., 44., 65., 69., 49., nan, nan, nan, 57.,\n",
       "         nan, nan, nan, nan, 50., nan, nan, nan, nan, 62., nan, 39., 81.,\n",
       "         51., nan, 85., 16., 16., nan, nan, 36., 46., nan, nan, 41., nan,\n",
       "         17., nan, nan, nan, nan, nan, nan, nan, 38., 33., 38., nan, nan,\n",
       "         nan, nan, nan, nan, nan, nan, nan, 56., 68., 46., nan, 48., nan,\n",
       "         nan, nan, nan, nan, 52., nan, 36., nan, nan, 59., 73., 82., 68.,\n",
       "         67., 70., 88., 77., 55.]),\n",
       "  'B': array([ nan,  nan,  50., 100.,  59.,  78.,  70.,  59.,  45.,  23.,  nan,\n",
       "          nan,  nan,  nan,  nan,  35.,  33.,  nan,  nan,  nan,  nan,  nan,\n",
       "          61.,  58.,  53.,  nan, 100.,  51., 100.,  66.,  nan,  58.,  91.,\n",
       "          55.,  26.,  nan,  42.,  nan,  nan,  nan,  22.,  nan,  nan,  nan,\n",
       "          30.,  32.,  nan,  nan,  36.,  43.,  nan,  35.,  nan,  43.,  60.,\n",
       "          63.,  55.,  81.,  70.,  65.,  nan,  nan,  nan,  62.,  73.,  68.,\n",
       "          80.,  69.,  87.,  77.,  86.,  71.,  nan,  nan,  nan,  48.,  nan,\n",
       "          85.,  84.,  74.,  68.,  34.,  nan,  33.,  nan,  31.,  51.,  nan,\n",
       "          nan,  nan,  nan,  nan,  nan,  nan,  nan,  nan])},\n",
       " 'outcome_SD': array([20, 20, 20, 20, 20, 20, 20, 20, 20, 20, 20, 20, 20, 20, 20, 20, 20,\n",
       "        20, 20, 20, 20, 20, 20, 20, 20, 20, 20, 20, 20, 20, 20, 20, 20, 20,\n",
       "        20, 20, 20, 20, 20, 20, 20, 20, 20, 20, 20, 20, 20, 20, 10, 10, 10,\n",
       "        10, 10, 10, 10, 10, 10, 10, 10, 10, 10, 10, 10, 10, 10, 10, 10, 10,\n",
       "        10, 10, 10, 10, 10, 10, 10, 10, 10, 10, 10, 10, 10, 10, 10, 10, 10,\n",
       "        10, 10, 10, 10, 10, 10, 10, 10, 10, 10, 10])}"
      ]
     },
     "execution_count": 8,
     "metadata": {},
     "output_type": "execute_result"
    }
   ],
   "source": [
    "example_data['sequence'] # this includes 'options' ('A', 'B'), and 'outcome_SD'"
   ]
  },
  {
   "cell_type": "code",
   "execution_count": 15,
   "id": "7564e3e0",
   "metadata": {},
   "outputs": [
    {
     "data": {
      "text/plain": [
       "{'A': array([70, 70, 70, 70, 70, 70, 70, 70, 70, 70, 70, 70, 70, 50, 50, 50, 50,\n",
       "        50, 50, 50, 50, 50, 50, 50, 50, 50, 50, 50, 50, 50, 50, 50, 50, 50,\n",
       "        50, 50, 50, 50, 50, 50, 50, 50, 30, 30, 30, 30, 30, 30, 30, 30, 30,\n",
       "        30, 30, 30, 30, 30, 30, 30, 30, 30, 30, 30, 30, 30, 30, 30, 50, 50,\n",
       "        50, 50, 50, 50, 50, 50, 50, 50, 50, 50, 50, 50, 50, 50, 50, 50, 50,\n",
       "        70, 70, 70, 70, 70, 70, 70, 70, 70, 70, 70]),\n",
       " 'B': array([50, 50, 50, 50, 50, 50, 50, 50, 50, 50, 50, 50, 50, 50, 50, 50, 50,\n",
       "        50, 50, 50, 50, 50, 50, 50, 50, 70, 70, 70, 70, 70, 70, 70, 70, 70,\n",
       "        30, 30, 30, 30, 30, 30, 30, 30, 30, 30, 30, 30, 30, 30, 30, 30, 30,\n",
       "        30, 30, 30, 70, 70, 70, 70, 70, 70, 70, 70, 70, 70, 70, 70, 70, 70,\n",
       "        70, 70, 70, 70, 70, 70, 70, 70, 70, 70, 70, 70, 70, 30, 30, 30, 30,\n",
       "        30, 30, 30, 30, 30, 30, 30, 30, 30, 30, 30])}"
      ]
     },
     "execution_count": 15,
     "metadata": {},
     "output_type": "execute_result"
    }
   ],
   "source": [
    "example_data['mean']"
   ]
  },
  {
   "cell_type": "code",
   "execution_count": 41,
   "id": "f9eb28ba",
   "metadata": {},
   "outputs": [],
   "source": [
    "def trial_after_forced(forced_arr):\n",
    "    to_return = np.zeros(len(forced_arr))\n",
    "    count = 0\n",
    "    for i in range(len(forced_arr)):\n",
    "        if forced_arr[i]:\n",
    "            to_return[i] = 0\n",
    "            count = 0\n",
    "        else:\n",
    "            count += 1\n",
    "            to_return[i] = count\n",
    "            \n",
    "    return to_return.astype(int)\n",
    "\n",
    "\n",
    "def trial_after_cp(cp_arr):\n",
    "    to_return = np.zeros(len(cp_arr))\n",
    "    \n",
    "    count = 0\n",
    "    for i in range(len(cp_arr)):\n",
    "        if cp_arr[i]:\n",
    "            count = 1\n",
    "        \n",
    "        to_return[i] = count\n",
    "        \n",
    "        if count >= 1:\n",
    "            count += 1\n",
    "            \n",
    "    return to_return.astype(int)\n",
    "\n",
    "def outcome_change(outcome_arr):\n",
    "   \n",
    "    increase_from_last = np.array([outcome_arr[i] - outcome_arr[i-1] for i in range(1, len(outcome_arr))])\n",
    "    increase_from_last = np.insert(increase_from_last, 0, test_outcomes[0])\n",
    "    \n",
    "    return increase_from_last"
   ]
  },
  {
   "cell_type": "code",
   "execution_count": 37,
   "id": "98050bdb",
   "metadata": {},
   "outputs": [
    {
     "data": {
      "text/plain": [
       "array([False, False, False, False, False, False, False, False, False,\n",
       "       False, False, False, False,  True, False, False, False, False,\n",
       "       False, False, False, False, False, False, False, False, False,\n",
       "       False, False, False, False, False, False, False,  True, False,\n",
       "       False, False, False, False, False, False,  True, False, False,\n",
       "       False, False, False, False, False, False, False, False, False,\n",
       "        True, False, False, False, False, False, False, False, False,\n",
       "       False, False, False, False, False, False, False, False, False,\n",
       "       False, False, False, False, False, False, False, False, False,\n",
       "        True, False, False, False, False, False, False, False, False,\n",
       "       False, False, False, False, False, False])"
      ]
     },
     "execution_count": 37,
     "metadata": {},
     "output_type": "execute_result"
    }
   ],
   "source": [
    "test_data = example_data['changepoints']\n",
    "test_data"
   ]
  },
  {
   "cell_type": "code",
   "execution_count": 40,
   "id": "17539a90",
   "metadata": {},
   "outputs": [
    {
     "data": {
      "text/plain": [
       "array([ 0,  0,  0,  0,  0,  0,  0,  0,  0,  0,  0,  0,  0,  1,  2,  3,  4,\n",
       "        5,  6,  7,  8,  9, 10, 11, 12, 13, 14, 15, 16, 17, 18, 19, 20, 21,\n",
       "        1,  2,  3,  4,  5,  6,  7,  8,  1,  2,  3,  4,  5,  6,  7,  8,  9,\n",
       "       10, 11, 12,  1,  2,  3,  4,  5,  6,  7,  8,  9, 10, 11, 12, 13, 14,\n",
       "       15, 16, 17, 18, 19, 20, 21, 22, 23, 24, 25, 26, 27,  1,  2,  3,  4,\n",
       "        5,  6,  7,  8,  9, 10, 11, 12, 13, 14, 15])"
      ]
     },
     "execution_count": 40,
     "metadata": {},
     "output_type": "execute_result"
    }
   ],
   "source": [
    "test_output = trial_after_cp(test_data)\n",
    "test_output.astype(int)"
   ]
  },
  {
   "cell_type": "code",
   "execution_count": 42,
   "id": "35595448",
   "metadata": {},
   "outputs": [
    {
     "data": {
      "text/plain": [
       "array([[ 0.,  0.,  0.,  0.,  0.,  0.,  0.,  0.,  0.,  0.,  0.,  0.,  0.,\n",
       "         1.,  0.,  0.,  0.,  0.,  0.,  0.,  0.,  0.,  0.,  0.,  0.,  0.,\n",
       "         0.,  0.,  0.,  0.,  0.,  0.,  0.,  0.,  1.,  0.,  0.,  0.,  0.,\n",
       "         0.,  0.,  0.,  1.,  0.,  0.,  0.,  0.,  0.,  0.,  0.,  0.,  0.,\n",
       "         0.,  0.,  1.,  0.,  0.,  0.,  0.,  0.,  0.,  0.,  0.,  0.,  0.,\n",
       "         0.,  0.,  0.,  0.,  0.,  0.,  0.,  0.,  0.,  0.,  0.,  0.,  0.,\n",
